intrinsics 0:     462.543     463.196     503.307     505.091   0.0225568  -0.0283562   0.0234852 -0.00787057
T_i_c0:
-0.00307379  -0.0202937    0.999789    0.311774
   -0.99998  0.00564887 -0.00295972   0.0424356
-0.00558761   -0.999778  -0.0203107   -0.150509
          0           0           0           1
intrinsics 1:     463.281     463.749     493.495      509.37   0.0167149  -0.0131126  0.00654139 -0.00174223
T_i_c1:
0.00581891 -0.0291213   0.999559    0.31167
  -0.99979  0.0194891 0.00638805 -0.0755134
-0.0196665  -0.999386 -0.0290018  -0.153003
         0          0          0          1
T_w_moc:
1 0 0 0
0 1 0 0
0 0 1 0
0 0 0 1
T_mark_i:
1 0 0 0
0 1 0 0
0 0 1 0
0 0 0 1
cam_time_offset_ns: -592513
mocap_time_offset_ns: 0
accel_bias:   0.340855 -0.0542141     0.0668
accel_scale:
1 0 0
0 1 0
0 0 1
gyro_bias:  -0.00105161  0.000898026 -8.97889e-05
gyro_scale:
1 0 0
0 1 0
0 0 1
 g -0.111532   9.66099   1.07357 norm: 9.72109 g_mocap: -0.111532   9.66099   1.07357
Current error: 1.66891e+07 num_points 1261380 mean_error 13.2308 reprojection_error 3.53193e+06 mean reprojection 2.80005 opt_time 1002ms.